time,Ep_eff,cstrain_1,cstrain_10,cstrain_11,cstrain_12,cstrain_13,cstrain_14,cstrain_15,cstrain_16,cstrain_17,cstrain_18,cstrain_19,cstrain_2,cstrain_20,cstrain_21,cstrain_22,cstrain_23,cstrain_24,cstrain_3,cstrain_4,cstrain_5,cstrain_6,cstrain_7,cstrain_8,cstrain_9,cstrainfrac1,cstrainfrac2,eeq,gstrain_1,gstrain_10,gstrain_11,gstrain_12,gstrain_13,gstrain_14,gstrain_15,gstrain_16,gstrain_17,gstrain_18,gstrain_19,gstrain_2,gstrain_20,gstrain_21,gstrain_22,gstrain_23,gstrain_24,gstrain_3,gstrain_4,gstrain_5,gstrain_6,gstrain_7,gstrain_8,gstrain_9,rho_i,rho_m,strain_xx,strain_yy,strain_zz,stress_xx,stress_yy,stress_zz,vonmises
0,0,0,0,0,0,0,0,0,0,0,0,0,0,0,0,0,0,0,0,0,0,0,0,0,0,0,0,0,0,0,0,0,0,0,0,0,0,0,0,0,0,0,0,0,0,0,0,0,0,0,0,0,0,0,0,0,0,0,0,0,0
0.14091914656322,3.0689827801613e-14,3.6443396146068e-14,3.6994795329413e-14,3.6994795329413e-14,3.6994795329413e-14,3.6443396146068e-14,3.6443396146068e-14,3.6443396146068e-14,3.6553238554807e-14,3.6553238554807e-14,3.6553238554807e-14,3.7285407761632e-14,3.6443396146068e-14,3.7285407761632e-14,3.7285407761632e-14,3.6994795329413e-14,3.6994795329413e-14,3.6994795329413e-14,3.6443396146068e-14,3.6553238554807e-14,3.6553238554807e-14,3.6553238554807e-14,3.7285407761632e-14,3.7285407761632e-14,3.7285407761632e-14,0.99999999999069,0.99999998593881,1.8504415149152e-07,1.7417413165921e-23,-4.0679620764878e-23,1.6169863001764e-23,-5.0264463879365e-23,-7.7673329696465e-24,1.8418001670048e-26,1.2709250348685e-23,2.000315070769e-23,-1.5432991614645e-23,-3.5194855579826e-23,3.9983424387587e-24,-1.753769536345e-24,3.5101460626742e-23,-6.0308149624021e-23,1.4991410083611e-23,-8.2207372976707e-24,-3.0176019725679e-23,5.3427902014236e-24,-1.5842489341745e-23,1.0682883697926e-23,-2.4573749731148e-23,2.3943704419878e-23,4.9151734905383e-23,-2.9936942722419e-23,15999999.99997,3999999.9999952,-8.9058298448925e-08,1.8637747445337e-07,5.087975718566e-08,-1.5040325264123e-10,0.042308288211428,0.021154144490469,0.039127707311935
0.44562546906687,3.4669352500114e-13,1.1524843567541e-13,1.16992146703e-13,1.16992146703e-13,1.16992146703e-13,1.1524843567541e-13,1.1524843567541e-13,1.1524843567541e-13,1.1559575937895e-13,1.1559575937895e-13,1.1559575937895e-13,1.1791133104398e-13,1.1524843567541e-13,1.1791133104398e-13,1.1791133104398e-13,1.16992146703e-13,1.16992146703e-13,1.16992146703e-13,1.1524843567541e-13,1.1559575937895e-13,1.1559575937895e-13,1.1559575937895e-13,1.1791133104398e-13,1.1791133104398e-13,1.1791133104398e-13,0.99999999999673,0.99999999407618,5.8515999622666e-07,1.8560482050279e-23,-4.4627088784261e-23,2.6496755294663e-23,-6.3558204826478e-23,-5.6089610385119e-24,-1.0132378267993e-24,1.2044420237554e-23,2.4800870576279e-23,-1.8906059025422e-23,-3.892429929934e-23,8.7079591119958e-24,-4.3026738446341e-24,4.3438431323342e-23,-7.4975513890835e-23,2.1703265092921e-23,-3.896336057421e-24,-4.3092269869441e-23,8.3611540610118e-24,-1.8204540857073e-23,1.4479091619601e-23,-2.9231429717613e-23,2.6600023640268e-23,6.1297626772565e-23,-4.1004151401111e-23,15999999.999725,3999999.9999458,-2.8162688724819e-07,5.8937596359275e-07,1.6089616618552e-07,-1.5039206091136e-09,0.13379055058095,0.066895279137519,0.12373264265458
1.4091914656322,3.5070572935007e-12,3.6449256354377e-13,3.7000675414865e-13,3.7000675414865e-13,3.7000675414865e-13,3.6449256354377e-13,3.6449256354377e-13,3.6449256354377e-13,3.655906523205e-13,3.655906523205e-13,3.655906523205e-13,3.7291568376031e-13,3.6449256354377e-13,3.7291568376031e-13,3.7291568376031e-13,3.7000675414865e-13,3.7000675414865e-13,3.7000675414865e-13,3.6449256354377e-13,3.655906523205e-13,3.655906523205e-13,3.655906523205e-13,3.7291568376031e-13,3.7291568376031e-13,3.7291568376031e-13,0.99999999999881,0.99999999677986,1.8504284103114e-06,1.9818852195766e-23,-4.6463249751051e-23,5.9419987821584e-23,-9.7568313424516e-23,2.3597718094484e-24,-4.9331531952965e-24,8.2819660162513e-24,3.8190883935465e-23,-2.8213602771789e-23,-4.473828756103e-23,2.3235335260259e-23,-1.1915419975594e-23,6.5290085360007e-23,-1.1401471966344e-22,4.0549916302372e-23,1.3912326010407e-23,-8.0202736942482e-23,1.6849305210347e-23,-2.0736447479178e-23,2.8980635005147e-23,-3.6984327345312e-23,3.0127071942717e-23,9.2315053148507e-23,-7.4539726620938e-23,15999999.997779,3999999.9994519,-8.9058063032562e-07,1.8637567397985e-06,5.088007630344e-07,-1.5039164684407e-08,0.42308282854762,0.21154145274325,0.39127665204899
4.4562546906687,3.5120984764251e-11,1.1530789938704e-12,1.1705170688175e-12,1.1705170688175e-12,1.1705170688175e-12,1.1530789938704e-12,1.1530789938704e-12,1.1530789938704e-12,1.1565490400464e-12,1.1565490400464e-12,1.1565490400464e-12,1.1797384060278e-12,1.1530789938704e-12,1.1797384060278e-12,1.1797384060278e-12,1.1705170688175e-12,1.1705170688175e-12,1.1705170688175e-12,1.1530789938704e-12,1.1565490400464e-12,1.1565490400464e-12,1.1565490400464e-12,1.1797384060278e-12,1.1797384060278e-12,1.1797384060278e-12,0.99999999999828,0.99999999711349,5.851468633829e-06,1.7357313926004e-23,6.382360957019e-24,2.2447594898389e-22,-2.1948946591708e-22,4.3625483127687e-23,-2.6915806330177e-23,-1.5103069104598e-23,1.010568988499e-22,-6.6616209244413e-23,-4.2638940133197e-23,8.8667176020052e-23,-4.6143931649963e-23,1.5031388975538e-22,-2.7056916830994e-22,1.1818565569446e-22,1.2584840639164e-22,-2.3717421194036e-22,5.1555602605445e-23,-1.0597503560691e-25,1.2894263347819e-22,-2.9193584842583e-23,2.0084754185574e-23,2.0119964062994e-22,-2.3582161626988e-22,15999999.98232,3999999.9945117,-2.8162454154815e-06,5.8935791874478e-06,1.6089933438203e-06,-1.5038602436917e-07,1.337904970173,0.66895286974831,1.2373222202973
14.091914656322,3.5158566436793e-10,3.6508866928572e-12,3.7060370943535e-12,3.7060370943535e-12,3.7060370943535e-12,3.6508866928572e-12,3.6508866928572e-12,3.6508866928572e-12,3.6618357279559e-12,3.6618357279559e-12,3.6618357279559e-12,3.735423357979e-12,3.6508866928572e-12,3.735423357979e-12,3.735423357979e-12,3.7060370943535e-12,3.7060370943535e-12,3.7060370943535e-12,3.6508866928572e-12,3.6618357279559e-12,3.6618357279559e-12,3.6618357279559e-12,3.735423357979e-12,3.735423357979e-12,3.735423357979e-12,0.99999999999831,0.9999999932445,1.8502971074977e-05,1.1276246383784e-23,1.1356776187293e-21,2.1620964517208e-21,-1.178525760345e-21,4.2494042675082e-22,-2.485883251929e-22,-2.1853590448405e-22,9.8744140103863e-22,-4.6300117820383e-22,2.091395007223e-22,6.5803200648102e-22,-3.9990456145201e-22,9.3723429672782e-22,-1.8225204478086e-21,8.4463006707876e-22,1.596875107898e-21,-1.6344605643435e-21,3.8310620341504e-22,6.7725308440109e-22,1.9148531459366e-21,6.0522811919012e-22,-3.2801942455314e-22,9.3535400564042e-22,-2.1075098395375e-21,15999999.85943,3999999.9450627,-8.9055718356495e-06,1.8635763212594e-05,5.0883243111647e-06,-1.5036489727034e-06,4.2308229297271,2.1154153104318,3.9127244634404
44.562546906687,3.5265590168369e-09,1.159060782686e-11,1.1765068371631e-11,1.1765068371631e-11,1.1765068371631e-11,1.159060782686e-11,1.159060782686e-11,1.159060782686e-11,1.1624986477667e-11,1.1624986477667e-11,1.1624986477667e-11,1.186027205033e-11,1.159060782686e-11,1.186027205033e-11,1.186027205033e-11,1.1765068371631e-11,1.1765068371631e-11,1.1765068371631e-11,1.159060782686e-11,1.1624986477667e-11,1.1624986477667e-11,1.1624986477667e-11,1.186027205033e-11,1.186027205033e-11,1.186027205033e-11,1.0000000000035,0.99999991046571,5.8501573378351e-05,7.6163312262734e-21,4.9737836197424e-20,1.3534742213087e-19,-5.2499327233682e-20,1.2737835444467e-20,-3.6978473991879e-21,-2.7855756816877e-21,7.7542220560161e-20,-2.3355556247481e-20,1.4814773187656e-20,1.656925967799e-20,-2.1048777885256e-20,3.8082810631663e-20,-9.3823439878021e-20,5.325998398432e-20,7.6588501821234e-20,-6.2748793938035e-20,2.7290700346054e-20,6.2401412704198e-20,1.5798031318083e-19,4.7875930298204e-20,-1.6963502273528e-20,2.5632074325606e-20,-1.1419439354761e-19,15999998.881045,3999999.4490956,-2.8160110116262e-05,5.8917772625082e-05,1.6093103039212e-05,-1.5029783795966e-05,13.378996163858,6.6895365045191,12.372801668844
140.91914656322,3.5606585738289e-08,3.7113409625275e-11,3.7665575005285e-11,3.7665575005625e-11,3.7665575005352e-11,3.7113409625273e-11,3.7113409625217e-11,3.7113409625244e-11,3.7219570749837e-11,3.7219570749943e-11,3.7219570749853e-11,3.7989961961636e-11,3.7113409625214e-11,3.7989961961578e-11,3.7989961961577e-11,3.7665575005419e-11,3.7665575005145e-11,3.7665575005309e-11,3.7113409625479e-11,3.7219570750052e-11,3.7219570749982e-11,3.7219570749845e-11,3.7989961961734e-11,3.798996196166e-11,3.7989961961651e-11,0.99999999701359,0.99997636325823,0.00018489914182473,1.3686343235574e-17,-4.2899545418169e-17,3.7266245646298e-16,-5.6275683850955e-17,8.5583168912862e-18,1.1409914443873e-17,-3.6497713892187e-18,1.0692431802191e-16,-2.7141824858744e-17,1.3749445933134e-17,-3.4722018118335e-18,-2.3801422329453e-17,1.301162530885e-17,-1.0602445664476e-16,1.7332189601823e-16,3.2750326748729e-17,-8.1519280730128e-17,6.6091411762137e-17,9.243525478374e-17,2.2307522391262e-16,2.5516040207872e-17,6.8428199517676e-18,4.6319490989511e-17,-1.2135861189391e-16,15999991.052773,3999994.4423909,-8.9032295942187e-05,0.00018617817205893,5.09150357413e-05,-0.00015008597914483,42.307694543016,21.154230452746,39.123040235054
445.62546906687,2.1059408423836e-07,4.4477777244249e-11,4.5137501222618e-11,4.5137501290724e-11,4.5137501238153e-11,4.4477777240754e-11,4.4477777233207e-11,4.4477777237459e-11,4.4603672115733e-11,4.4603672127487e-11,4.4603672120156e-11,4.5532733372852e-11,4.4477777234539e-11,4.5532733366361e-11,4.5532733364485e-11,4.5137501244887e-11,4.5137501201018e-11,4.5137501221851e-11,4.4477777275964e-11,4.4603672149866e-11,4.4603672136869e-11,4.4603672122309e-11,4.5532733393915e-11,4.5532733379366e-11,4.553273337844e-11,0.99999973103209,0.99991823350158,0.00019693133952224,6.0843969139969e-17,-2.7458475688966e-16,2.0127022017234e-15,-2.0230935338425e-16,3.4471746577586e-17,5.8775476478756e-17,-2.2141014622712e-17,4.6269738188413e-16,-1.1813787062924e-16,6.341426051653e-17,-2.8941010629267e-17,-1.0082307955065e-16,2.5045357174709e-17,-4.5161839852535e-16,9.2009615391668e-16,8.9857479228392e-17,-3.813254941247e-16,3.1331133077944e-16,4.1793434075756e-16,9.7916476306675e-16,8.413897867453e-17,4.7990334022239e-17,2.317450260707e-16,-5.1398092614111e-16,15999952.500473,3999967.1598636,-9.4738445575366e-05,0.00019832979683273,5.4301606059834e-05,-0.00016974318698495,45.033970150066,22.517418596046,41.641459556221
1409.1914656322,7.6584788644608e-07,4.4474287750371e-11,4.5134705746719e-11,4.5134706045817e-11,4.5134705815638e-11,4.4474287735087e-11,4.4474287702085e-11,4.4474287720657e-11,4.4600072315187e-11,4.4600072366299e-11,4.4600072334611e-11,4.5529248930905e-11,4.4474287708065e-11,4.5529248902626e-11,4.5529248894392e-11,4.5134705844428e-11,4.5134705652431e-11,4.5134705743234e-11,4.4474287889453e-11,4.4600072464361e-11,4.4600072407535e-11,4.4600072344423e-11,4.5529249023199e-11,4.5529248959674e-11,4.5529248955687e-11,0.9999998111421,0.99991821995228,0.00019739931189278,5.9788816708428e-17,-2.7367382847842e-16,2.0080174436989e-15,-2.0224312086091e-16,3.4787512805354e-17,5.9360406922694e-17,-2.0448286122793e-17,4.6315070379426e-16,-1.164792051828e-16,6.455231282098e-17,-2.704936373181e-17,-1.009513277918e-16,2.650899885622e-17,-4.5137142849791e-16,9.1979776395066e-16,9.1332035962204e-17,-3.7895369981595e-16,3.1046101623262e-16,4.1693022983787e-16,9.7711614996085e-16,8.4167855615278e-17,4.7035799048141e-17,2.3288948785852e-16,-5.148583200826e-16,15999830.248026,3999880.589744,-9.4647592546346e-05,0.00019894105721781,5.463846035382e-05,-0.00016971941797755,45.033970618911,22.517418762514,41.634590426272
4456.2546906687,2.5212606173451e-06,4.4463303751957e-11,4.5125930498041e-11,4.5125931525205e-11,4.5125930741105e-11,4.4463303701591e-11,4.4463303587582e-11,4.446330365099e-11,4.458876900633e-11,4.4588769181826e-11,4.4588769072548e-11,4.5518302242472e-11,4.4463303608493e-11,4.5518302144823e-11,4.5518302117359e-11,4.5125930835026e-11,4.5125930176099e-11,4.5125930487547e-11,4.4463304233557e-11,4.4588769516907e-11,4.458876932345e-11,4.4588769108208e-11,4.5518302557078e-11,4.5518302342339e-11,4.5518302329106e-11,0.99999987465157,0.99991817614742,0.00019888166462857,5.6485658757903e-17,-2.7083490560976e-16,1.9932681584641e-15,-2.0206907563792e-16,3.5745515894266e-17,6.1167005205562e-17,-1.5150960887439e-17,4.6454539257763e-16,-1.1125211557893e-16,6.8080982336621e-17,-2.1144037983452e-17,-1.0134708015019e-16,3.1093706015396e-17,-4.5061128678221e-16,9.1881637702262e-16,9.5956888213063e-17,-3.7151953160427e-16,3.0147920211476e-16,4.1384374552472e-16,9.706461849983e-16,8.4270751945622e-17,4.4049724774882e-17,2.3647050919495e-16,-5.1762974308823e-16,15999443.68845,3999606.8925618,-9.4359681414977e-05,0.000200872992777,5.5703580955867e-05,-0.00016964343800161,45.03397210852,22.517419288099,41.612978654841
14091.914656322,8.0678643370016e-06,4.4429093558777e-11,4.5098800837895e-11,4.5098804144273e-11,4.5098801684504e-11,4.4429093419079e-11,4.4429093043827e-11,4.4429093244629e-11,4.4553694739261e-11,4.4553695307441e-11,4.4553694947115e-11,4.5484333781554e-11,4.4429093114169e-11,4.5484333459666e-11,4.5484333380045e-11,4.5098801938607e-11,4.5098799817816e-11,4.5098800821179e-11,4.4429095153185e-11,4.4553696369346e-11,4.4553695763156e-11,4.455369508053e-11,4.5484334770049e-11,4.5484334113203e-11,4.5484334075154e-11,0.99999992693765,0.99991802831518,0.00020359310089801,4.6365958889575e-17,-2.6226178604662e-16,1.9472668750971e-15,-2.01878508543e-16,3.838281512572e-17,6.6456503707864e-17,1.0568225246853e-18,4.6857506294384e-16,-9.4900110194839e-17,7.8560872421518e-17,-3.2144604530448e-18,-1.0250499766668e-16,4.5162513983755e-17,-4.484127240614e-16,9.153459305353e-16,1.1021599002079e-16,-3.4866053158034e-16,2.7339109478038e-16,4.0493354791994e-16,9.5026824893252e-16,8.4709709245259e-17,3.4922420425279e-17,2.4742184285996e-16,-5.2636093447492e-16,15998221.643102,3998741.9949833,-9.3443170107216e-05,0.00020697199668481,5.9070749045919e-05,-0.00016955393695627,45.033976696263,22.517420786725,41.545724751979
44562.546906687,2.5563996949455e-05,4.4325839953817e-11,4.5017680211251e-11,4.5017690517859e-11,4.5017683479956e-11,4.432583973663e-11,4.4325838485552e-11,4.4325839080163e-11,4.4448426195912e-11,4.4448428004096e-11,4.4448426791394e-11,4.5382077718767e-11,4.4325838730767e-11,4.5382076633746e-11,4.538207647265e-11,4.5017683796317e-11,4.5017677192246e-11,4.5017680336518e-11,4.4325845355833e-11,4.444843114874e-11,4.4448429421754e-11,4.4448427387393e-11,4.5382080554871e-11,4.5382078845292e-11,4.5382078774844e-11,0.99999996529801,0.99991747561559,0.00021869883545202,1.7350414483363e-17,-2.3881095998729e-16,1.8078540625594e-15,-2.0494531725354e-16,4.3181441050061e-17,7.9167131008038e-17,4.7205640547398e-17,4.7772658781517e-16,-4.4869662074779e-17,1.055397219326e-16,4.6663243903727e-17,-1.053603769377e-16,8.5582573802991e-17,-4.4340473555546e-16,9.0101850542225e-16,1.5205487976267e-16,-2.8253477718285e-16,1.8768182914113e-16,3.8419467592247e-16,8.8661683659266e-16,8.7162215708888e-17,8.9034802449589e-18,2.7852184392318e-16,-5.5362874093758e-16,15994360.770808,3996012.8509336,-9.0485432670965e-05,0.00022615819113542,6.9708837768488e-05,-0.00017510161693869,45.03398454661,22.517419628802,41.343489063764
140919.14656322,8.0486488955684e-05,4.4032809140556e-11,4.4790715344267e-11,4.4790746312695e-11,4.4790730950999e-11,4.4032810456474e-11,4.4032805984212e-11,4.4032807483583e-11,4.415237317891e-11,4.4152378987302e-11,4.4152374475607e-11,4.5097279529601e-11,4.4032806871156e-11,4.5097275354551e-11,4.5097275683168e-11,4.4790727473761e-11,4.4790707839283e-11,4.4790717557553e-11,4.403282927243e-11,4.4152386837441e-11,4.4152383183468e-11,4.4152377907483e-11,4.5097285568811e-11,4.509728356705e-11,4.5097283933872e-11,0.99999998662942,0.99991503923335,0.00026783072808372,-5.0350386251134e-17,-1.9167553308216e-16,1.4219204924835e-15,-2.498851153942e-16,3.1340306038068e-17,8.4906105655843e-17,1.5079520634126e-16,4.7683034815764e-16,9.9348384934984e-17,1.445007899639e-16,1.5096858959454e-16,-1.0951279108373e-16,1.7876579579246e-16,-4.4402931998533e-16,8.316869697163e-16,2.5986415475502e-16,-1.2649493869995e-16,-5.4321658688968e-17,3.6871181936616e-16,6.9314281306518e-16,1.0293512127519e-16,-5.2578490022253e-17,3.454515301229e-16,-6.3589276930985e-16,15982186.525666,3987437.2402237,-8.0577977715767e-05,0.00028589949756007,0.00010326339412522,-0.00034372714365606,45.033812897864,22.517261198134,40.796142463169
445625.46906687,0.00025081276961162,4.3275411743009e-11,4.4182298123258e-11,4.418238996213e-11,4.4182386491297e-11,4.3275430567094e-11,4.3275413840101e-11,4.3275414162073e-11,4.339078942851e-11,4.3390811476431e-11,4.339078848533e-11,4.4390246044095e-11,4.3275415295946e-11,4.4390222791017e-11,4.4390230703612e-11,4.4182345838337e-11,4.418228864125e-11,4.4182321426126e-11,4.3275500687125e-11,4.3390817730552e-11,4.3390822027238e-11,4.3390812549252e-11,4.4390239543142e-11,4.4390258451829e-11,4.4390267935496e-11,0.99999999507471,0.99990179707276,0.00042754294668467,-1.1437130883262e-16,-1.4112098461052e-16,6.3853450642137e-16,-5.5281844835904e-16,-1.4118840958901e-16,-1.2383389001786e-16,2.2285713238692e-16,3.0733481706598e-16,4.8647092626458e-16,6.1091579200256e-17,1.792793761671e-16,-1.32613926652e-16,2.4936725173534e-16,-5.4194319258232e-16,5.7174777243247e-16,4.3224275456534e-16,2.4224835260272e-17,-5.7339134462961e-16,4.8715072439118e-16,1.7474021738565e-16,1.8620403214661e-16,-1.4930454054379e-16,3.0482376382929e-16,-8.2549318504548e-16,15944030.517702,3960793.2240286,-4.494104956846e-05,0.00046733300757315,0.00020871856800806,0.0018925045844116,45.036335632062,22.51942576803,39.721985591147
561009.22715098,0.00031408487870268,4.2912919219352e-11,4.3867938804734e-11,4.3868066160935e-11,4.3868080493561e-11,4.2912953762229e-11,4.2912931844685e-11,4.2912926028878e-11,4.3023613802955e-11,4.3023650606103e-11,4.3023608698313e-11,4.4048640583837e-11,4.2912930381993e-11,4.4048597559008e-11,4.4048613386027e-11,4.38680149744e-11,4.3867932094588e-11,4.3867980381999e-11,4.2913058374516e-11,4.3023643362203e-11,4.3023662071558e-11,4.3023651751171e-11,4.4048612360133e-11,4.4048653628547e-11,4.4048674463975e-11,0.99999998158813,0.99989061686376,0.00048797114353445,-8.5568649711675e-17,-1.0369906113112e-16,4.0058226361498e-16,-6.627481461577e-16,-2.6476168799497e-16,-3.3703929336703e-16,1.7902015808951e-16,1.7685744033372e-16,7.058923303853e-16,-1.8852236053535e-17,1.0378962299381e-16,-1.776485673909e-16,1.9946006154242e-16,-6.1491811358165e-16,4.8373419820866e-16,4.4005851061916e-16,-6.9575035705198e-19,-7.2259135398742e-16,5.6597869054149e-16,-4.3066445275627e-17,2.3439960851492e-16,-1.8451342929164e-16,1.5233181116636e-16,-8.6223924963686e-16,15929730.367239,3950891.3483443,-3.0093402776448e-05,0.00053342857138057,0.00024840297076558,-0.00014973766648664,45.034288025243,22.517431246323,39.493654641368
706268.77231137,0.00039299394621947,4.2606884186132e-11,4.3586235024249e-11,4.3586398208641e-11,4.3586429256158e-11,4.2606935818048e-11,4.2606912548511e-11,4.260689486504e-11,4.2709315466853e-11,4.2709372751025e-11,4.2709304704872e-11,4.3752854524515e-11,4.2606904528305e-11,4.3752784508717e-11,4.3752810042858e-11,4.3586345439933e-11,4.3586230577832e-11,4.3586295023877e-11,4.2607075907208e-11,4.2709342984235e-11,4.270938217466e-11,4.2709370154623e-11,4.3752795911953e-11,4.3752863532847e-11,4.3752898518994e-11,0.99999998322889,0.99987684038576,0.00056384644205154,-2.7861291985905e-17,-4.4183967716489e-17,2.6172102667237e-16,-6.83074500987e-16,-3.742552596912e-16,-5.9114446967418e-16,1.2279879853731e-16,6.1174842578202e-17,9.4594723979229e-16,-8.696561472123e-17,2.4493400309314e-17,-2.4820320557338e-16,1.2242397349183e-16,-6.7723528614852e-16,4.6559069094714e-16,4.1399870862032e-16,-3.6357900085051e-17,-7.972816143524e-16,6.3842638813966e-16,-2.1262296502273e-16,2.7596346012122e-16,-2.251322461166e-16,-4.419225925199e-17,-8.5385679073204e-16,15911832.40658,3938551.4812832,-1.0702971355116e-05,0.00061514244236922,0.00029820754638506,-0.00018934668664456,45.03429676344,22.51736236424,39.294353727513
889139.70501945,0.00049127409632278,4.2260421442746e-11,4.3246145773268e-11,4.3246357663571e-11,4.324640545401e-11,4.226049608426e-11,4.2260478633744e-11,4.2260434934041e-11,4.2346959964997e-11,4.2347055700475e-11,4.23469398736e-11,4.3407101519847e-11,4.2260455243893e-11,4.3406982768577e-11,4.3407023492138e-11,4.3246311182962e-11,4.3246140941703e-11,4.3246227658157e-11,4.2260684387458e-11,4.234698220562e-11,4.2347056993089e-11,4.2347039370802e-11,4.3406989789016e-11,4.3407097218015e-11,4.3407152959977e-11,0.99999998394631,0.99985414479403,0.00065889454138383,8.497699010421e-17,7.2154709375962e-17,1.8174291439713e-16,-6.1157302324416e-16,-4.9464062255288e-16,-9.9702430314149e-16,5.1708732870914e-17,-6.5473441660783e-17,1.319110627118e-15,-1.590030608387e-16,-6.100395763157e-17,-3.7528107622083e-16,1.9742570413933e-18,-7.4053675175888e-16,5.4199346300474e-16,3.612699535706e-16,-6.7751994653151e-17,-8.3093971240035e-16,7.3843890728744e-16,-4.0269815917273e-16,3.2587519535528e-16,-3.0110774312661e-16,-3.4190146454156e-16,-7.9686774506544e-16,15889459.407974,3923204.8545158,1.4617609550157e-05,0.00071591806954889,0.00036065836051437,-0.00027057623963999,45.034247970619,22.517231189445,39.145391732536
1119360.5692842,0.00061351177665057,4.1876265125201e-11,4.2847722939824e-11,4.2848001559853e-11,4.2848059471388e-11,4.1876368313883e-11,4.1876375567283e-11,4.1876275797659e-11,4.1943923128711e-11,4.1944095521817e-11,4.1943887765793e-11,4.3012324922126e-11,4.1876317608987e-11,4.3012113686801e-11,4.3012178403152e-11,4.2847979818012e-11,4.2847707962295e-11,4.2847825769513e-11,4.1876622623506e-11,4.1943937229202e-11,4.1944074320261e-11,4.1944039563689e-11,4.3012118193704e-11,4.3012286971644e-11,4.3012369883245e-11,0.9999999836389,0.9998162358418,0.00077770154267372,2.9871929201212e-16,2.9992390401235e-16,2.1214678936167e-16,-4.1884026293497e-16,-6.1599780026226e-16,-1.6758477598458e-15,-2.9881315128019e-17,-1.9472222243565e-16,1.9130327677166e-15,-2.3296827594192e-16,-1.4252858103365e-16,-5.8803892849767e-16,-1.7252640583208e-16,-7.9364294499533e-16,7.888959618598e-16,2.912332897145e-16,-7.0348574814504e-17,-8.0586651165312e-16,8.9341544759101e-16,-6.4204431089851e-16,3.9517051914353e-16,-4.5150221717743e-16,-7.8112369447481e-16,-6.6646576137776e-16,15861529.849807,3904162.7379403,4.7697583119113e-05,0.00083990264349778,0.00043888595841286,-0.00040478498314006,45.034099396497,22.517007912225,39.068281824643
1409191.4656322,0.00076534161824013,4.1472090479975e-11,4.2404876067961e-11,4.2405245020199e-11,4.2405294049552e-11,4.147222246786e-11,4.1472300506019e-11,4.147208077585e-11,4.153003770309e-11,4.1530369975037e-11,4.1529976922191e-11,4.2586715246768e-11,4.1472166331552e-11,4.2586320114813e-11,4.2586423419145e-11,4.2405289790117e-11,4.2404824139278e-11,4.2404986212411e-11,4.1472568196393e-11,4.1530044653066e-11,4.1530293683686e-11,4.1530210705335e-11,4.2586332621409e-11,4.2586599773297e-11,4.2586710413191e-11,0.99999998214174,0.99975270548479,0.00092588577218431,7.1102948124328e-16,7.5658121643028e-16,4.3882143225443e-16,-8.7797291643837e-17,-7.3490709313805e-16,-2.853577665309e-15,-1.2653706810527e-16,-3.2435428167665e-16,2.8371154323414e-15,-3.1805805913311e-16,-2.2080467499828e-16,-9.0753338964843e-16,-4.1925182402709e-16,-8.3043590256966e-16,1.2918453268491e-15,2.2285152373264e-16,-2.4157015280928e-17,-6.9212087130811e-16,1.1435681142729e-15,-9.9966176555135e-16,5.030467753523e-16,-7.4484755869236e-16,-1.4093353604784e-15,-4.2442738433556e-16,15826704.293838,3880589.785329,9.1047532819506e-05,0.00099205018271988,0.00053673861315822,-0.0005596501492362,45.033813223957,22.516673007335,39.082109280071
1774066.9461679,0.00095369659018191,4.1068222220859e-11,4.1940858609358e-11,4.1941344136304e-11,4.1941342351477e-11,4.106836339256e-11,4.1068620575369e-11,4.1068144644905e-11,4.1117625888228e-11,4.1118302032635e-11,4.111752100759e-11,4.2160552572741e-11,4.1068319623093e-11,4.2159775562206e-11,4.2159942732076e-11,4.1941547610782e-11,4.1940703024103e-11,4.1940929446118e-11,4.1068837633882e-11,4.1117639828741e-11,4.1118098345119e-11,4.1117887173091e-11,4.2159830543046e-11,4.2160264361381e-11,4.2160379993151e-11,0.99999997928882,0.99964749434055,0.0011103282464838,1.5465842027404e-15,1.6840646899696e-15,1.0141026169227e-15,3.5462954331378e-16,-8.7483949974634e-16,-4.9819718401915e-15,-2.49391153412e-16,-4.8075611502297e-16,4.1822952121444e-15,-4.4252574509193e-16,-2.8331417405939e-16,-1.3335973175574e-15,-7.6894021764527e-16,-8.8830493265908e-16,2.1117766718377e-15,1.7695956487313e-16,4.5281818399877e-17,-4.6839088614408e-16,1.5397035699465e-15,-1.5912327013514e-15,6.9114846444344e-16,-1.2892803991076e-15,-2.2322118940437e-15,-3.6524262414529e-17,15783311.518148,3851468.023654,0.00014827853501778,0.0011782408117964,0.00065890664438371,-0.00074452823877939,45.033293891687,22.516156538075,39.201043635953
2233417.9607548,0.0011870574053688,4.061893633161e-11,4.1424259992967e-11,4.1424873685372e-11,4.1424730994546e-11,4.0619006520452e-11,4.0619692709891e-11,4.0618669390076e-11,4.0652545606206e-11,4.065397404571e-11,4.0652361617289e-11,4.1694151551804e-11,4.06190271543e-11,4.1692556686798e-11,4.1692832394556e-11,4.1425437260849e-11,4.1423839494968e-11,4.1424159234162e-11,4.0619664331064e-11,4.065261985063e-11,4.0653485782412e-11,4.0652944782289e-11,4.1692752232413e-11,4.1693481087247e-11,4.1693508281122e-11,0.99999997478545,0.99947351383393,0.0013395052172293,3.302923004152e-15,3.5594624599161e-15,2.2058307775659e-15,8.9631072841175e-16,-1.1065455554842e-15,-8.9243105045088e-15,-4.2388390023763e-16,-7.5279239070676e-16,6.1181686017248e-15,-6.6087959277213e-16,-2.4385231031008e-16,-1.8098663609621e-15,-1.2979906554929e-15,-1.048813285679e-15,3.2185908763363e-15,1.5156762944169e-16,8.2637953442331e-17,-1.2586578951458e-16,2.1806760083649e-15,-2.6628265490249e-15,1.0412873085076e-15,-2.2724480466471e-15,-3.1882089338847e-15,5.9932738831405e-16,15729300.344802,3815588.3788438,0.00022412888564207,0.0014055291514122,0.00081109388970349,-0.0013872599086155,45.032118203459,22.515095582546,39.429907261224
2811706.6259517,0.0014756195273821,4.0074383341631e-11,4.0808892025044e-11,4.0809574814008e-11,4.0809088175546e-11,4.0074135416666e-11,4.007582104586e-11,4.0073624471512e-11,4.0087560534968e-11,4.0090661861065e-11,4.008723366143e-11,4.1124395337057e-11,4.0074356908794e-11,4.1121003949552e-11,4.1121469600609e-11,4.0810939238369e-11,4.0807816251177e-11,4.0808268609606e-11,4.0075058432588e-11,4.0087859653526e-11,4.008954558021e-11,4.0088170334338e-11,4.1121602300589e-11,4.1122868977105e-11,4.1122523944678e-11,0.99999996767578,0.99917175934685,0.0016237530370181,7.0066649761806e-15,7.3157704956207e-15,4.5446725210936e-15,1.5416846838358e-15,-1.5281073699895e-15,-1.6397460380364e-14,-7.3549386246522e-16,-1.3170717671364e-15,9.2090025325095e-15,-1.0764845461491e-15,3.4611845557975e-16,-2.3192838322427e-15,-2.1667107918388e-15,-1.4202153361146e-15,4.5242036739358e-15,1.2270896628728e-16,-1.6687582452921e-18,3.8980221371384e-16,3.3843087975145e-15,-4.7358347191312e-15,1.7502255138697e-15,-4.0874230665405e-15,-3.9955267819345e-15,1.7143265190835e-15,15662240.967454,3771593.781984,0.00032392036994016,0.0016824660184837,0.0010002517073532,-0.0026495743293858,45.029940082387,22.513228694375,39.766405510026
3539728.9219206,0.0018315113322428,3.9413145995369e-11,4.0072341033324e-11,4.0072801841064e-11,4.0071488880262e-11,3.941188776141e-11,3.9415901068413e-11,3.9411137518322e-11,3.9403554834433e-11,3.9410471661955e-11,3.9402972211452e-11,4.0431656739101e-11,3.9412659316705e-11,4.042420197713e-11,4.0425010047227e-11,4.0075963283866e-11,4.0069639929177e-11,4.0070272777891e-11,3.9413203491306e-11,3.940455523245e-11,3.94079485883e-11,3.9404480184248e-11,4.0425890121114e-11,4.0428160610923e-11,4.0426672846435e-11,0.99999995601007,0.9986166827676,0.0019753765533643,1.4788554514136e-14,1.4657061842313e-14,9.2559897420622e-15,2.2534149324189e-15,-2.287581662433e-15,-3.0759788292127e-14,-1.3552286470889e-15,-2.530796834327e-15,1.4950449165712e-14,-2.0162532174625e-15,2.9800497223088e-15,-2.8974034541529e-15,-3.6996269439015e-15,-2.2257465820759e-15,5.9705081645356e-15,5.1633018837013e-18,-3.9180155925623e-16,1.2454393658988e-15,6.0930307348511e-15,-8.7732695713842e-15,3.1708295624951e-15,-7.5293335933328e-15,-3.598735614407e-15,3.7872848118041e-15,15579257.747075,3717996.0101983,0.00045393465444625,0.0020191857871837,0.0012347368262731,-0.0049085507151922,45.02616115851,22.510070915439,40.212930493084
4456254.6906687,0.0022690577622665,3.8644269960009e-11,3.9225643385e-11,3.9224928029623e-11,3.9221590238383e-11,3.864016315244e-11,3.8649646428453e-11,3.8639107517009e-11,3.8611502953204e-11,3.8627277743031e-11,3.8610473282996e-11,3.962619396773e-11,3.8642387968716e-11,3.9609373961238e-11,3.9610821142157e-11,3.923219180199e-11,3.9218856652369e-11,3.9219714965796e-11,3.86420931186e-11,3.8614549923044e-11,3.862153416754e-11,3.8612897335297e-11,3.9613923626124e-11,3.9618089647337e-11,3.9613505740578e-11,0.99999993685661,0.99757500799953,0.0024088772408764,3.0182199799817e-14,2.7811398827284e-14,1.8899509903862e-14,2.8592554556057e-15,-3.5966422600082e-15,-5.72853106143e-14,-2.6304384799084e-15,-5.1052180873751e-15,2.6834787989084e-14,-4.3552338317213e-15,1.0896154965137e-14,-3.6245371470766e-15,-6.5677607368501e-15,-3.9211927595173e-15,7.7196816331713e-15,-5.412827948158e-16,-1.5390307953663e-15,2.9613581504407e-15,1.2610541838631e-14,-1.6092609666577e-14,5.8975564446849e-15,-1.3871253365515e-14,4.2791911045031e-16,7.938826215233e-15,15476960.023288,3653233.0383998,0.00062173777243445,0.0024275750630367,0.0015245048581282,-0.010032896397517,45.025077973673,22.506691466293,40.783691822826
5610092.2715097,0.0028050308943006,3.76752983529e-11,3.8181319585382e-11,3.8177046300559e-11,3.8168779337777e-11,3.7664037586403e-11,3.7685965219684e-11,3.7662568422092e-11,3.762066802402e-11,3.7656291307481e-11,3.7618857303146e-11,3.861863411623e-11,3.7669961135477e-11,3.858089249115e-11,3.8583607515021e-11,3.8193386901594e-11,3.8164623311446e-11,3.8165766909565e-11,3.7667014683787e-11,3.7629200987426e-11,3.7643311375978e-11,3.762277599888e-11,3.8592516451774e-11,3.8600162615412e-11,3.8588137957555e-11,0.99999990923679,0.99576309063831,0.0029412239823181,5.4704379182498e-14,4.6566564330631e-14,3.6010504577485e-14,2.8130946887963e-15,-5.5289117882546e-15,-9.8608318168613e-14,-5.2294695888553e-15,-1.0286833678417e-14,4.9220702082769e-14,-9.2915698433214e-15,2.672188460517e-14,-4.8308703549468e-15,-1.2031811935707e-14,-7.1019899006038e-15,1.0004094260732e-14,-2.1313518181319e-15,-4.2479273396922e-15,6.9518629804053e-15,2.5921023830314e-14,-2.6167504496752e-14,1.0977483684868e-14,-2.3990621449402e-14,1.0071143086846e-14,1.6641932489679e-14,15351388.815227,3575800.5953731,0.0008364999932683,0.0029214180996385,0.001881345824235,0.011585546976234,45.046089268809,22.528002786624,41.481562146931
6909959.6430193,0.0033907255275125,3.6609635488542e-11,3.7046913736177e-11,3.7035584179119e-11,3.7016486756921e-11,3.6583868585431e-11,3.6630797657857e-11,3.6581364432264e-11,3.6531903841218e-11,3.6606751084472e-11,3.6528381613874e-11,3.7515190291559e-11,3.6598137745305e-11,3.7435654520593e-11,3.7441184226309e-11,3.7069552421526e-11,3.7009512614974e-11,3.701146351719e-11,3.6588894157627e-11,3.6552461769795e-11,3.6579197981405e-11,3.6535231594128e-11,3.7462381102278e-11,3.7476097055096e-11,3.7449433649478e-11,0.99999796992484,0.99311342483267,0.0035239388700932,8.0484714976828e-14,6.5023129193577e-14,5.6191683900301e-14,1.2316145040073e-15,-7.4263627732743e-15,-1.4521832456993e-13,-1.0284851505398e-14,-2.0094363966091e-14,7.8765028283049e-14,-1.6151536209651e-14,4.5418441603082e-14,-8.7494125080863e-15,-2.2050193921148e-14,-1.1442921080462e-14,1.1802450075298e-14,-4.4427608204192e-15,-8.6860070591135e-15,1.598461359996e-14,4.4321452156862e-14,-3.2617542767701e-14,2.0601966900117e-14,-3.6662397065794e-14,2.1394390774553e-14,3.4024009799964e-14,15213978.272837,3493782.6928234,0.0010798645575744,0.0034547404304698,0.0022730437786637,-0.00044772245619086,45.034188273829,22.51588348743,42.228405158137
7417923.109644,0.0036145811989011,3.6206285904641e-11,3.6624917287158e-11,3.6611011480454e-11,3.658690971872e-11,3.6174507931717e-11,3.6232226105747e-11,3.617131269036e-11,3.6120927947845e-11,3.6212645961664e-11,3.6116409825576e-11,3.7101215177121e-11,3.619263854354e-11,3.70033845037e-11,3.7010396297939e-11,3.6652422960862e-11,3.6578450672446e-11,3.658101664005e-11,3.6180546946511e-11,3.614671840903e-11,3.6178746495619e-11,3.6124808472302e-11,3.7036860763668e-11,3.7053177573163e-11,3.7020484777282e-11,0.99999785173442,0.99215547184966,0.0037469243781635,8.6448607245468e-14,6.9084677072405e-14,6.1053817320055e-14,4.2741306996862e-16,-7.8541186513523e-15,-1.5789452063342e-13,-1.2602553819505e-14,-2.4442020806894e-14,8.7033363052844e-14,-1.8286543084634e-14,4.9823271957034e-14,-1.114783286301e-14,-2.6315206898362e-14,-1.2597425951171e-14,1.180711434816e-14,-5.0564210471198e-15,-1.0064262393697e-14,2.0049210092475e-14,4.997265793854e-14,-3.2457922912985e-14,2.4964659935256e-14,-4.069501591363e-14,2.363341478263e-14,4.1488178883753e-14,15161430.903068,3463199.0333039,0.0011749643586077,0.0036571628967558,0.0024232355900076,0.010830475857412,45.04651621118,22.527762480245,42.505412314615
8814145.7758341,0.00421686301102,3.5249987683777e-11,3.5634412841062e-11,3.5615568435699e-11,3.5578292537545e-11,3.5204130972158e-11,3.5288604604178e-11,3.5198459565297e-11,3.5147971469008e-11,3.5281858860551e-11,3.5140069164158e-11,3.6124575009203e-11,3.5232252369613e-11,3.598006273611e-11,3.5991621180556e-11,3.5675204818739e-11,3.5565172794594e-11,3.5570134351461e-11,3.5213182591644e-11,3.5186480896106e-11,3.5231965102303e-11,3.5153373300188e-11,3.603085347864e-11,3.6053989228837e-11,3.6007058312517e-11,0.99999985371198,0.98991296818811,0.0043471867896161,9.4988392160037e-14,7.419340679596e-14,6.8317877778686e-14,-1.4021823331598e-15,-8.4769207344323e-15,-1.8062585570054e-13,-1.8904060084049e-14,-3.5999110177253e-14,1.019597054462e-13,-2.2777826218388e-14,5.6292051898442e-14,-1.8453747860191e-14,-3.7329382912379e-14,-1.403012209311e-14,1.1342508834309e-14,-5.9386998883786e-15,-1.2277356933194e-14,3.0308921172619e-14,6.1794956488711e-14,-2.8345210115735e-14,3.682088332235e-14,-4.959899240251e-14,2.5426981097903e-14,6.0090788820522e-14,15020058.152279,3382878.4635338,0.0014348139720022,0.0041985992359967,0.0028280605504989,-0.00086255518624442,45.033061952091,22.515033621322,43.224906852782
10246690.938368,0.0048166483376708,3.4327379941094e-11,3.4683299004675e-11,3.4662039377036e-11,3.4607920359847e-11,3.4267278339756e-11,3.4382583166268e-11,3.4256829224935e-11,3.4208555306338e-11,3.4392492085533e-11,3.4194398000038e-11,3.5183688578257e-11,3.4307408776261e-11,3.4981441638991e-11,3.5000393737567e-11,3.4742559044277e-11,3.4586919652492e-11,3.4596806012665e-11,3.4281085742355e-11,3.4260738738496e-11,3.4323362668987e-11,3.4216166288242e-11,3.505352375369e-11,3.5085850845203e-11,3.5023947900271e-11,0.9999998423129,0.98748470685004,0.004945481380054,9.7607716903645e-14,7.4537207685391e-14,7.1016609730867e-14,-2.4845539303271e-15,-8.6567520066314e-15,-1.9669581104504e-13,-2.6643643410284e-14,-5.0083827458027e-14,1.1168495602161e-13,-2.7239590314342e-14,5.7914231772621e-14,-2.8678986104642e-14,-5.0621857360248e-14,-1.3470200288753e-14,1.023268536556e-14,-6.1083271354086e-15,-1.2476075820569e-14,4.1367722003815e-14,7.2810903055761e-14,-1.9755687178214e-14,5.1574623301495e-14,-5.8791046194969e-14,2.2671054090453e-14,8.0165484390668e-14,14879358.874444,3305733.4226188,0.0016992910482019,0.0047336720816868,0.0032324259301351,-0.00076362250600445,45.032726269013,22.514914258393,43.898421425353
11970302.924594,0.0055159373389397,3.3288855139359e-11,3.3618941136079e-11,3.3601090006324e-11,3.352413758847e-11,3.3216095183846e-11,3.3367254689731e-11,3.319599174979e-11,3.3157207935847e-11,3.340310628481e-11,3.3130784013554e-11,3.4127228216898e-11,3.3270495735793e-11,3.3849006222115e-11,3.3881112735094e-11,3.3706329075894e-11,3.3488641130763e-11,3.3508887041268e-11,3.3238016605023e-11,3.3222760533561e-11,3.3309854155344e-11,3.3168296502753e-11,3.3948618813188e-11,3.3994814643144e-11,3.3917778313205e-11,0.99999958818221,0.9845719217983,0.0056434225975509,9.5038314079898e-14,7.0888046235325e-14,6.9900252507262e-14,-1.6170883823096e-15,-8.2144822702521e-15,-2.0852098687276e-13,-3.5773241039382e-14,-6.6472652565494e-14,1.1620289661402e-13,-3.2262764738179e-14,5.4700453062185e-14,-4.2690979545107e-14,-6.7057585910318e-14,-1.0786030602845e-14,8.562881628779e-15,-5.1926935783743e-15,-9.4662307531397e-15,5.2825837603683e-14,8.3715449230806e-14,-6.9551425384222e-15,6.897207095751e-14,-6.9237978325582e-14,1.4794167548087e-14,9.9781964996045e-14,14715542.357418,3219200.5452867,0.0020136412069824,0.005353027908359,0.0037050608918447,-0.0096733777929466,45.022230283791,22.504953418452,44.623717540517
13029168.642251,0.005934060561541,3.264675501481e-11,3.2966203887463e-11,3.2953479507446e-11,3.2863916389956e-11,3.257031740728e-11,3.2738370321364e-11,3.2543209916922e-11,3.2511502612497e-11,3.2788810191536e-11,3.2476211223478e-11,3.3477998948526e-11,3.2631378763368e-11,3.3158557659936e-11,3.3199582691388e-11,3.3070793081574e-11,3.2818280910805e-11,3.2846347402415e-11,3.2597514855696e-11,3.2581658112465e-11,3.2683151329985e-11,3.2524704102525e-11,3.3272789360236e-11,3.3327512237241e-11,3.3244445538272e-11,0.99999918728774,0.98303426357605,0.0060609340999062,9.2131880264485e-14,6.8145219266924e-14,6.7877125100036e-14,-5.0239531505167e-16,-7.8815564266404e-15,-2.1262632157493e-13,-4.0324032037355e-14,-7.3954483222127e-14,1.1581065673018e-13,-3.4566191883105e-14,5.1254855653032e-14,-5.0369469822469e-14,-7.5325999646671e-14,-8.9189997179222e-15,7.1211999276076e-15,-4.240542457294e-15,-6.7925189591681e-15,5.7800005771793e-14,8.8348439255823e-14,8.9007484229449e-17,7.6865917672937e-14,-7.4377598785274e-14,9.1843206810121e-15,1.070505413951e-13,14617749.096733,3169155.0958863,0.0022045025271142,0.0057212797663133,0.003988251182496,-0.0041088257367774,45.028375328954,22.510873867732,45.025833196191
14866107.536203,0.0066410669885102,3.1713634181642e-11,3.2022191774705e-11,3.2019177583763e-11,3.1914028220995e-11,3.1636226907687e-11,3.1821919581914e-11,3.159870485575e-11,3.1576989005723e-11,3.1889847485779e-11,3.1528429017999e-11,3.2536776586736e-11,3.1703991104024e-11,3.216730767801e-11,3.2221028196648e-11,3.2149710362937e-11,3.1853593934646e-11,3.1893716962366e-11,3.1670704394524e-11,3.164968858467e-11,3.1769977013769e-11,3.1592813191002e-11,3.2298799428166e-11,3.2365145864906e-11,3.2276974367866e-11,0.99999983484277,0.98109776810097,0.0067670783200714,8.7646381393095e-14,6.4616299250432e-14,6.4138796393616e-14,9.9874020924613e-16,-7.7201090267024e-15,-2.1657941032698e-13,-4.5651047773869e-14,-8.2027533674568e-14,1.1289818932209e-13,-3.6697110824593e-14,4.5455377206054e-14,-5.9678385267708e-14,-8.5063028441969e-14,-6.3819009585434e-15,4.4503345263423e-15,-2.7158161301332e-15,-2.7765061642795e-15,6.2800880514556e-14,9.2764412634262e-14,8.6797801900469e-15,8.5214288420693e-14,-8.0154071473039e-14,1.1718079770817e-15,1.1325900468979e-13,14452743.728989,3087151.8528718,0.0025312983816634,0.0063408320731605,0.0044678096161236,-0.0014524350829318,45.028981524487,22.512758781256,45.654751636619
18715320.551791,0.0080537915377478,2.9872654942886e-11,3.016068013741e-11,3.0189940746749e-11,3.0053527670994e-11,2.9807302732102e-11,3.0016506961261e-11,2.9741221867536e-11,2.9748377970047e-11,3.0122599583324e-11,2.9663616667349e-11,3.0677230732407e-11,2.9881976880178e-11,3.0208649468555e-11,3.0294969662981e-11,3.0342559580504e-11,2.995344881053e-11,3.0028358432751e-11,2.9859029195294e-11,2.9813439280441e-11,2.997784497805e-11,2.9768984593045e-11,3.0372086041461e-11,3.0466497713036e-11,3.0376020330866e-11,0.99999984271217,0.97721789482127,0.0081785690242858,7.7434208828626e-14,5.8352229318571e-14,5.5829789939753e-14,3.1811760301925e-15,-7.9955278937326e-15,-2.1990363417946e-13,-5.5069136968807e-14,-9.4048152212089e-14,9.9603939596481e-14,-3.6897840726247e-14,3.0551789546029e-14,-7.495240333834e-14,-9.9868655521453e-14,-2.5275261549201e-15,-2.2923501867995e-15,2.2471525813231e-15,6.1259345395424e-15,6.8785631203526e-14,9.595398754396e-14,2.3934782004467e-14,9.6936519013789e-14,-8.7671125445008e-14,-1.6279319684602e-14,1.1513500058324e-13,14124637.326791,2932393.3045954,0.0031981100747356,0.0075681649704996,0.005428280842955,-0.0013818258305913,45.028379195589,22.51228874321,46.739519768296
23561192.632523,0.0097160837318496,2.7862673541054e-11,2.8128967997477e-11,2.8202849708766e-11,2.804111601954e-11,2.7828096438775e-11,2.8038062807942e-11,2.7727640026178e-11,2.777006496462e-11,2.8178695916624e-11,2.7640318153551e-11,2.8643238573151e-11,2.7897123628727e-11,2.8096592042635e-11,2.822027111365e-11,2.8367202886339e-11,2.7893994094144e-11,2.8014700918741e-11,2.7897134469585e-11,2.7808936050358e-11,2.8019516003478e-11,2.7791700089033e-11,2.8281004918433e-11,2.8405746154494e-11,2.8324475717254e-11,0.99999985711625,0.973693663093,0.0098398852429656,6.7866021733794e-14,5.4688477320684e-14,4.6103555573889e-14,2.8423947888623e-15,-8.0035377464028e-15,-2.163326047643e-13,-6.0617766247516e-14,-1.0064317815625e-13,8.0424129574816e-14,-3.1974971042593e-14,1.5126699695474e-14,-8.2778233295104e-14,-1.0539163866422e-13,-9.9957480773419e-16,-1.0344587049189e-14,8.3596630477463e-15,1.4260729916046e-14,6.6854994333777e-14,9.0764505552003e-14,3.4266702328808e-14,1.0259688610114e-13,-8.8187710500489e-14,-3.2629097589588e-14,1.0684056687563e-13,13741920.673772,2764076.3463838,0.0040039259507203,0.0089958648429697,0.006561347800237,-0.0015917044179352,45.025631989524,22.51076052804,47.748524808588
27907666.328755,0.011112379478528,2.6170597353592e-11,2.6418508160891e-11,2.6533731704922e-11,2.6354635333647e-11,2.6171644946963e-11,2.6367205337841e-11,2.6040333387685e-11,2.6113751964158e-11,2.6536312566941e-11,2.5942085866167e-11,2.6938161242748e-11,2.6226628132116e-11,2.6340911336799e-11,2.6497344928687e-11,2.6701175933437e-11,2.6167751291128e-11,2.6332248013637e-11,2.6253446125469e-11,2.612014968656e-11,2.6372274040416e-11,2.6131099221909e-11,2.65334753178e-11,2.6689165489813e-11,2.661667252076e-11,0.99999935901475,0.97095970751352,0.011235570060538,5.6079519446009e-14,5.0168061830808e-14,3.4484950638809e-14,-1.7340016211718e-16,-7.4563540597504e-15,-2.0437974723597e-13,-6.194727844411e-14,-1.0404109155062e-13,7.6930119777316e-14,-2.5126397521424e-14,2.136729587459e-14,-8.7472216028887e-14,-1.037591462732e-13,3.0300874985582e-15,-1.54503720162e-14,1.1796807843486e-14,2.0528850665248e-14,5.8976245978499e-14,8.6404678833085e-14,3.2329269680974e-14,1.0538447194845e-13,-8.8164645459372e-14,-3.1471849376762e-14,1.0047663953014e-13,13423763.691451,2632713.2729959,0.0046962557695244,0.010182802481716,0.0075146375393261,-0.0034276880441819,45.024763433919,22.508451399198,48.416001821731
31842274.831133,0.012308802498745,2.5046003606058e-11,2.5280674366813e-11,2.5420260954254e-11,2.5237579757792e-11,2.5069567792083e-11,2.5251292461616e-11,2.4923499655823e-11,2.5014076191353e-11,2.5427360432513e-11,2.4820557735288e-11,2.5782802910554e-11,2.511375474581e-11,2.5176569089507e-11,2.5348560765545e-11,2.5585445102842e-11,2.5027568605478e-11,2.5217540816034e-11,2.5157248864426e-11,2.499902381101e-11,2.5265928374644e-11,2.5029081487692e-11,2.5369401475082e-11,2.5530515515267e-11,2.5473895261905e-11,0.9999998808469,0.96988172010862,0.01243157789856,5.6388705853574e-14,5.3080901960167e-14,3.3361453714761e-14,-7.6207820398857e-16,-8.6682493698854e-15,-1.9948262795185e-13,-6.1373349538094e-14,-1.0072760733507e-13,5.132848049916e-14,-2.1982464479268e-14,-4.9985363510911e-15,-8.2586566285559e-14,-1.0109926241254e-13,-3.0350591428069e-15,-2.0637130760391e-14,1.585682328466e-14,1.9846356063924e-14,5.480744476262e-14,7.5214933987663e-14,4.2262300009601e-14,1.0336030787986e-13,-8.0265877541917e-14,-5.0266613403875e-14,8.9806628681935e-14,13153827.965654,2526533.2714824,0.0052999192775884,0.01119142399588,0.0083322590605742,-0.0037742725834684,45.028348611731,22.508481830991,48.875125467273
37017534.911183,0.013798259045833,2.3579634134892e-11,2.3796027739778e-11,2.3968021157357e-11,2.3779793471318e-11,2.3635351983496e-11,2.3794127870743e-11,2.346932286856e-11,2.3580673404801e-11,2.3982415793748e-11,2.3357518879261e-11,2.4289713400798e-11,2.3661520080084e-11,2.3671091435269e-11,2.3864790059748e-11,2.4128379978969e-11,2.3542164808014e-11,2.376567320623e-11,2.3729431893761e-11,2.3535437395242e-11,2.3825660369016e-11,2.3589837397876e-11,2.3860728026822e-11,2.4037640165551e-11,2.3995059838381e-11,0.99999989290404,0.96831496594312,0.013920556145733,4.9776807618727e-14,5.4478237865742e-14,2.7277736488428e-14,-2.6873611488185e-15,-9.5402013608997e-15,-1.8699417209261e-13,-5.9525367962258e-14,-9.7162712417873e-14,4.9773858678123e-14,-1.6928095476408e-14,8.6953530672299e-16,-8.1133502243149e-14,-9.5439668966018e-14,-3.44231900357e-15,-2.6458780679414e-14,1.8758603827501e-14,2.0102246202299e-14,4.64609880701e-14,6.8514378994344e-14,4.1190745657868e-14,1.0110049682941e-13,-7.6145169366516e-14,-5.0791610252967e-14,8.1107084940443e-14,12821479.315769,2401707.2231347,0.0060633772749044,0.012437036603806,0.009350507800817,-0.0039315573286927,45.02472371656,22.506853567953,49.325984442761
39933043.075515,0.014598116203577,2.2680076599729e-11,2.2884622252157e-11,2.3073494072359e-11,2.2884431593015e-11,2.2754156600334e-11,2.2898915370083e-11,2.2577055010553e-11,2.2699074133244e-11,2.3090974679324e-11,2.2459266551323e-11,2.3367047007394e-11,2.2768950276718e-11,2.2749243544497e-11,2.2955221361145e-11,2.3230712255873e-11,2.2630432965762e-11,2.2874993554803e-11,2.2851003098328e-11,2.2636289212393e-11,2.2939201118241e-11,2.270387212992e-11,2.2936175320755e-11,2.311712013347e-11,2.3086501792125e-11,0.99999974965275,0.96754849853801,0.014720176069981,4.6284157391576e-14,5.1576588317147e-14,2.3823260589371e-14,-4.0169079306416e-15,-8.6717022868035e-15,-1.788829915386e-13,-5.7407989899519e-14,-9.3121424741378e-14,3.0259545706177e-14,-1.4894482151738e-14,-1.7689353013607e-14,-7.8203698806948e-14,-9.1081380408894e-14,-3.6709031409131e-15,-2.6472006951353e-14,2.0476881154323e-14,2.1078913361939e-14,4.2761740534121e-14,6.1056641468398e-14,4.8352273847978e-14,9.856273807186e-14,-7.0991202236364e-14,-6.1726017383305e-14,7.587113545514e-14,12644825.251426,2337840.0611293,0.0064788391411173,0.013101397481427,0.009897409307856,-0.0028284031686711,45.022686813694,22.50668751977,49.515203583176
46197419.702049,0.016236348176761,2.1340787749078e-11,2.1526493332415e-11,2.1739746031764e-11,2.1554052213328e-11,2.1441597271579e-11,2.1561419280917e-11,2.1250621554614e-11,2.13852006226e-11,2.1752295046919e-11,2.1125168115494e-11,2.1990089099785e-11,2.1435850647296e-11,2.1382034076793e-11,2.1603126590727e-11,2.1888558815426e-11,2.1279194547242e-11,2.15510035418e-11,2.1541636558753e-11,2.1297470106641e-11,2.1609260771716e-11,2.1384585814472e-11,2.1560481832625e-11,2.1745545732855e-11,2.1734721667373e-11,0.99999988680238,0.96644227999611,0.016357964785801,3.8127954959178e-14,5.0807823559261e-14,1.9658506564498e-14,-6.0457648464351e-15,-8.2178989184029e-15,-1.6514734026193e-13,-5.5396974664084e-14,-8.6646367614864e-14,1.7024897517841e-14,-1.1920736075439e-14,-2.6157311881855e-14,-7.8161920975326e-14,-8.507808837703e-14,-3.9175803619946e-15,-3.2138213557372e-14,2.1355664416096e-14,1.8480651926134e-14,3.6946484678672e-14,5.4446771336641e-14,5.5848366939065e-14,9.441337705424e-14,-6.6326512690433e-14,-6.8065503282626e-14,6.8286108304115e-14,12287023.33928,2213016.7630471,0.0073398533376572,0.01445313182181,0.011017269288843,-0.0030205922236192,45.02219891939,22.505630277471,49.825629833525
49835937.356873,0.017139794941857,2.0489869742289e-11,2.0664453671746e-11,2.0890820953251e-11,2.0705399169301e-11,2.0606937063441e-11,2.0712396111775e-11,2.0407561968622e-11,2.0553834919415e-11,2.091535265392e-11,2.0281500885398e-11,2.1120267614547e-11,2.0591161472761e-11,2.0515390802944e-11,2.0746302574614e-11,2.1035500748867e-11,2.0419628884649e-11,2.0706802192536e-11,2.0707263877845e-11,2.0451608780756e-11,2.0777752035426e-11,2.0548371245396e-11,2.068921388449e-11,2.088217276981e-11,2.0875288841008e-11,0.99999979183737,0.96598797663504,0.017261181642751,3.5330448156834e-14,4.5510749989087e-14,1.492627092151e-14,-4.7182220673095e-15,-1.0628537989765e-14,-1.5599079593383e-13,-5.3089800964269e-14,-8.3992918343705e-14,1.5977704784794e-14,-1.0443229852822e-14,-2.5009011363491e-14,-7.0877131946308e-14,-7.9942182038351e-14,-4.6555935959428e-15,-3.0040993938772e-14,2.1877436677918e-14,2.1779897223636e-14,3.2004505259071e-14,5.0054955463207e-14,5.2262514549153e-14,9.1564589195379e-14,-6.2203272351359e-14,-6.500422883454e-14,6.3901290612394e-14,12092164.032001,2147520.3881794,0.0078207203886518,0.015193285684594,0.011634679129551,-0.0027789192308836,45.020861301828,22.504942633707,49.949931975093
56407058.193687,0.01869579503326,1.921392678446e-11,1.9367063283541e-11,1.9611397692354e-11,1.943126486455e-11,1.9353629796957e-11,1.9435852077444e-11,1.9143783133533e-11,1.930123298459e-11,1.9644584362121e-11,1.9013646733929e-11,1.9810862455939e-11,1.9319631813024e-11,1.9218212219312e-11,1.9460803600792e-11,1.974741622063e-11,1.9131055021581e-11,1.9439162633952e-11,1.9454587340146e-11,1.9179028771275e-11,1.9519205047074e-11,1.9289065988573e-11,1.9383376351996e-11,1.9584948324295e-11,1.9585841264064e-11,0.99999856485645,0.96520049081263,0.018816793138218,2.8184099715341e-14,4.0826818502133e-14,1.116322741076e-14,-5.159049156182e-15,-1.2766391360151e-14,-1.4081061373521e-13,-5.0014817613928e-14,-7.8847312260625e-14,1.3547430044504e-14,-8.0660281762695e-15,-2.3979155880787e-14,-6.4531416406919e-14,-7.3015050282469e-14,-6.6144507254985e-15,-3.0283358853048e-14,2.1967820934375e-14,2.1369588217031e-14,2.623513650142e-14,4.4288490159417e-14,4.7180644554757e-14,8.7304869988378e-14,-5.7028214291216e-14,-5.8067033270262e-14,5.7099350895993e-14,11760637.278229,2039714.0414116,0.008657337072656,0.016460095223466,0.012697333405061,-0.005770771159409,45.017799120483,22.501516545807,50.108202778697
61892034.694679,0.019924504190026,1.8451350405356e-11,1.8596460675548e-11,1.8849043470364e-11,1.8674118360557e-11,1.860293811649e-11,1.8671002586649e-11,1.8388740493651e-11,1.8548990330078e-11,1.8872807820532e-11,1.8257125451559e-11,1.9020368909828e-11,1.8559442861824e-11,1.8445320093375e-11,1.8691335821038e-11,1.8978584593174e-11,1.83673499754e-11,1.8685296601913e-11,1.8702730875333e-11,1.8416661484817e-11,1.8753250500319e-11,1.8534714826029e-11,1.860309571653e-11,1.8799115976838e-11,1.8814218566933e-11,0.99999991250165,0.96488914590027,0.020045218909978,2.5452543574631e-14,3.9396417507322e-14,8.7760878288419e-15,-5.4399115601861e-15,-1.340775779716e-14,-1.3313584262906e-13,-4.7946481347617e-14,-7.482426677622e-14,8.5109248956248e-15,-7.1891718636104e-15,-2.6497666819427e-14,-6.2653445337597e-14,-6.898607575422e-14,-6.2161856531765e-15,-3.1281344202323e-14,2.2231572744115e-14,2.1166363578609e-14,2.3440083061915e-14,4.1074384530812e-14,5.072782520532e-14,8.420567045982e-14,-5.3765162973426e-14,-6.1785242492861e-14,5.3450245043823e-14,11502710.540005,1958941.3869173,0.0093256269855459,0.017453313415338,0.013535764323901,-0.0045421018768523,45.022284054859,22.502911874673,50.183609536293
67250452.74105,0.021071823657458,1.7493709355449e-11,1.7623094220501e-11,1.7885893224512e-11,1.7717485049523e-11,1.7659692918727e-11,1.7711718276061e-11,1.7439356804305e-11,1.7604740135489e-11,1.7913905961203e-11,1.7304321023845e-11,1.8042382525282e-11,1.7603850208309e-11,1.7477438499635e-11,1.7730441277509e-11,1.8008788050562e-11,1.7401609867037e-11,1.7732972554714e-11,1.7758524203399e-11,1.7460289232579e-11,1.7803280853758e-11,1.7585875286336e-11,1.76292566349e-11,1.7830152191359e-11,1.7848873970479e-11,0.99999436812646,0.96454316128094,0.02119226200299,2.1105752294501e-14,3.675322119999e-14,6.4446927594859e-15,-5.8291904187287e-15,-1.4614382491023e-14,-1.2169687309068e-13,-4.5401688589312e-14,-7.033210334406e-14,9.9432859292146e-15,-5.6373117413534e-15,-2.5881189994498e-14,-5.9000835384079e-14,-6.4031879132221e-14,-6.3413010385935e-15,-3.0988609902828e-14,2.2346695079825e-14,2.0881196465815e-14,2.0307276645507e-14,3.7087150545033e-14,4.3441458099454e-14,8.0884988100388e-14,-4.9714556800063e-14,-5.9902432100075e-14,4.9157854327682e-14,11264937.592186,1886666.401939,0.0099550170857629,0.018375412349856,0.014317898922336,-0.0040879354240699,45.017702480783,22.501456922524,50.217457123036
